3	1.000	-80.200	0.000	0.000	
3	2.000	-80.200	0.000	0.000	
3	3.000	-80.200	0.000	0.000	
3	4.000	-80.200	0.000	0.000	
3	5.000	-80.200	0.000	0.000	
3	6.000	-80.200	0.000	0.000	
3	7.000	-80.200	0.000	0.000	
3	8.000	-80.200	0.000	0.000	
3	9.000	-80.200	0.000	0.000	
3	10.000	-80.200	0.000	0.000	
3	11.000	-80.200	0.000	0.000	
3	12.000	-80.200	0.000	0.000	
3	13.000	-80.200	0.000	0.000	
3	14.000	-80.200	0.000	0.000	
3	15.000	-80.200	0.000	0.000	
3	16.000	-80.200	0.000	0.000	
3	17.000	-80.200	0.000	0.000	
3	18.000	-80.200	0.000	0.000	
3	19.000	-80.200	0.000	0.000	
3	20.000	-80.200	0.000	0.000	
3	21.000	-80.200	0.000	0.000	
3	22.000	-80.200	0.000	0.000	
3	23.000	-80.200	0.000	0.000	
3	24.000	-80.200	0.000	0.000	
3	25.000	-80.200	0.000	0.000	
3	26.000	-80.200	0.000	0.000	
3	27.000	-80.200	0.000	0.000	
3	28.000	-80.200	0.000	0.000	
3	29.000	-80.200	0.000	0.000	
3	30.000	-80.200	0.000	0.000	
3	31.000	-80.200	0.000	0.000	
3	32.000	-80.200	0.000	0.000	
3	33.000	-80.200	0.000	0.000	
3	34.000	-80.200	0.000	0.000	
3	35.000	-80.200	0.000	0.000	
3	36.000	-80.200	0.000	0.000	
3	37.000	-80.200	0.000	0.000	
3	38.000	-80.200	0.000	0.000	
3	39.000	-80.200	0.000	0.000	
3	40.000	-80.200	0.000	0.000	
3	41.000	-80.200	0.000	0.000	
3	42.000	-80.200	0.000	0.000	
3	43.000	-80.200	0.000	0.000	
3	44.000	-80.200	0.000	0.000	
3	45.000	-80.200	0.000	0.000	
3	46.000	-80.200	0.000	0.000	
3	47.000	-80.200	0.000	0.000	
3	48.000	-80.200	0.000	0.000	
3	49.000	-80.200	0.000	0.000	
3	50.000	-80.200	0.000	0.000	
3	51.000	-80.200	0.000	0.000	
3	52.000	-80.200	0.000	0.000	
3	53.000	-80.200	0.000	0.000	
3	54.000	-80.200	0.000	0.000	
3	55.000	-80.200	0.000	0.000	
3	56.000	-80.200	0.000	0.000	
3	57.000	-80.200	0.000	0.000	
3	58.000	-80.200	0.000	0.000	
3	59.000	-80.200	0.000	0.000	
3	60.000	-80.200	0.000	0.000	
3	61.000	-80.200	0.000	0.000	
3	62.000	-80.200	0.000	0.000	
3	63.000	-80.200	0.000	0.000	
3	64.000	-80.200	0.000	0.000	
3	65.000	-80.200	0.000	0.000	
3	66.000	-80.200	0.000	0.000	
3	67.000	-80.200	0.000	0.000	
3	68.000	-80.200	0.000	0.000	
3	69.000	-80.200	0.000	0.000	
3	70.000	-80.200	0.000	0.000	
3	71.000	-80.200	0.000	0.000	
3	72.000	-80.200	0.000	0.000	
3	73.000	-80.200	0.000	0.000	
3	74.000	-80.200	0.000	0.000	
3	75.000	-80.200	0.000	0.000	
3	76.000	-80.200	0.000	0.000	
3	77.000	-80.200	0.000	0.000	
3	78.000	-80.200	0.000	0.000	
3	79.000	-80.200	0.000	0.000	
3	80.000	-80.200	0.000	0.000	
3	81.000	-80.200	0.000	0.000	
3	82.000	-80.200	0.000	0.000	
3	83.000	-80.200	0.000	0.000	
3	84.000	-80.200	0.000	0.000	
3	85.000	-80.200	0.000	0.000	
3	86.000	-80.200	0.000	0.000	
3	87.000	-80.200	0.000	0.000	
3	88.000	-80.200	0.000	0.000	
3	89.000	-80.200	0.000	0.000	
3	90.000	-80.200	0.000	0.000	
3	91.000	-80.200	0.000	0.000	
3	92.000	-80.200	0.000	0.000	
3	93.000	-80.200	0.000	0.000	
3	94.000	-80.200	0.000	0.000	
3	95.000	-80.200	0.000	0.000	
3	96.000	-80.200	0.000	0.000	
3	97.000	-80.200	0.000	0.000	
3	98.000	-80.200	0.000	0.000	
3	99.000	-80.200	0.000	0.000	
3	100.000	-80.200	0.000	0.000	
3	101.000	-80.200	0.000	0.000	
3	102.000	-80.200	0.000	0.000	
3	103.000	-80.200	0.000	0.000	
3	104.000	-80.200	0.000	0.000	
3	105.000	-80.200	0.000	0.000	
3	106.000	-80.200	0.000	0.000	
3	107.000	-80.200	0.000	0.000	
3	108.000	-80.200	0.000	0.000	
3	109.000	-80.200	0.000	0.000	
3	110.000	-80.200	0.000	0.000	
3	111.000	-80.200	0.000	0.000	
3	112.000	-80.200	0.000	0.000	
3	113.000	-80.200	0.000	0.000	
3	114.000	-80.200	0.000	0.000	
3	115.000	-80.200	0.000	0.000	
3	116.000	-80.200	0.000	0.000	
3	117.000	-80.200	0.000	0.000	
3	118.000	-80.200	0.000	0.000	
3	119.000	-80.200	0.000	0.000	
3	120.000	-80.200	0.000	0.000	
3	121.000	-80.200	0.000	0.000	
3	122.000	-80.200	0.000	0.000	
3	123.000	-80.200	0.000	0.000	
3	124.000	-80.200	0.000	0.000	
3	125.000	-80.200	0.000	0.000	
3	126.000	-80.200	0.000	0.000	
3	127.000	-80.200	0.000	0.000	
3	128.000	-80.200	0.000	0.000	
3	129.000	-80.200	0.000	0.000	
3	130.000	-80.200	0.000	0.000	
3	131.000	-80.200	0.000	0.000	
3	132.000	-80.200	0.000	0.000	
3	133.000	-80.200	0.000	0.000	
3	134.000	-80.200	0.000	0.000	
3	135.000	-80.200	0.000	0.000	
3	136.000	-80.200	0.000	0.000	
3	137.000	-80.200	0.000	0.000	
3	138.000	-80.200	0.000	0.000	
3	139.000	-80.200	0.000	0.000	
3	140.000	-80.200	0.000	0.000	
3	141.000	-80.200	0.000	0.000	
3	142.000	-80.200	0.000	0.000	
3	143.000	-80.200	0.000	0.000	
3	144.000	-80.200	0.000	0.000	
3	145.000	-80.200	0.000	0.000	
3	146.000	-80.200	0.000	0.000	
3	147.000	-80.200	0.000	0.000	
3	148.000	-80.200	0.000	0.000	
3	149.000	-80.200	0.000	0.000	
3	150.000	-80.200	0.000	0.000	
3	151.000	-80.200	0.000	0.000	
3	152.000	-80.200	0.000	0.000	
3	153.000	-80.200	0.000	0.000	
3	154.000	-80.200	0.000	0.000	
3	155.000	-80.200	0.000	0.000	
3	156.000	-80.200	0.000	0.000	
3	157.000	-80.200	0.000	0.000	
3	158.000	-80.200	0.000	0.000	
3	159.000	-80.200	0.000	0.000	
3	160.000	-80.200	0.000	0.000	
3	161.000	-80.200	0.000	0.000	
3	162.000	-80.200	0.000	0.000	
3	163.000	-80.200	0.000	0.000	
3	164.000	-80.200	0.000	0.000	
3	165.000	-80.200	0.000	0.000	
3	166.000	-80.200	0.000	0.000	
3	167.000	-80.200	0.000	0.000	
3	168.000	-80.200	0.000	0.000	
3	169.000	-80.200	0.000	0.000	
3	170.000	-80.200	0.000	0.000	
3	171.000	-80.200	0.000	0.000	
3	172.000	-80.200	0.000	0.000	
3	173.000	-80.200	0.000	0.000	
3	174.000	-80.200	0.000	0.000	
3	175.000	-80.200	0.000	0.000	
3	176.000	-80.200	0.000	0.000	
3	177.000	-80.200	0.000	0.000	
3	178.000	-80.200	0.000	0.000	
3	179.000	-80.200	0.000	0.000	
3	180.000	-80.200	0.000	0.000	
3	181.000	-80.200	0.000	0.000	
3	182.000	-80.200	0.000	0.000	
3	183.000	-80.200	0.000	0.000	
3	184.000	-80.200	0.000	0.000	
3	185.000	-80.200	0.000	0.000	
3	186.000	-80.200	0.000	0.000	
3	187.000	-80.200	0.000	0.000	
3	188.000	-80.200	0.000	0.000	
3	189.000	-80.200	0.000	0.000	
3	190.000	-80.200	0.000	0.000	
3	191.000	-80.200	0.000	0.000	
3	192.000	-80.200	0.000	0.000	
3	193.000	-80.200	0.000	0.000	
3	194.000	-80.200	0.000	0.000	
3	195.000	-80.200	0.000	0.000	
3	196.000	-80.200	0.000	0.000	
3	197.000	-80.200	0.000	0.000	
3	198.000	-80.200	0.000	0.000	
3	199.000	-80.200	0.000	0.000	
3	200.000	-80.200	0.000	0.000	
3	201.000	-80.200	0.000	0.000	
3	202.000	-80.200	0.000	0.000	
3	203.000	-80.200	0.000	0.000	
3	204.000	-80.200	0.000	0.000	
3	205.000	-80.200	0.000	0.000	
3	206.000	-80.200	0.000	0.000	
3	207.000	-80.200	0.000	0.000	
3	208.000	-80.200	0.000	0.000	
3	209.000	-80.200	0.000	0.000	
3	210.000	-80.200	0.000	0.000	
3	211.000	-80.200	0.000	0.000	
3	212.000	-80.200	0.000	0.000	
3	213.000	-80.200	0.000	0.000	
3	214.000	-80.200	0.000	0.000	
3	215.000	-80.200	0.000	0.000	
3	216.000	-80.200	0.000	0.000	
3	217.000	-80.200	0.000	0.000	
3	218.000	-80.200	0.000	0.000	
3	219.000	-80.200	0.000	0.000	
3	220.000	-80.200	0.000	0.000	
3	221.000	-80.200	0.000	0.000	
3	222.000	-80.200	0.000	0.000	
3	223.000	-80.200	0.000	0.000	
3	224.000	-80.200	0.000	0.000	
3	225.000	-80.200	0.000	0.000	
3	226.000	-80.200	0.000	0.000	
3	227.000	-80.200	0.000	0.000	
3	228.000	-80.200	0.000	0.000	
3	229.000	-80.200	0.000	0.000	
3	230.000	-80.200	0.000	0.000	
3	231.000	-80.200	0.000	0.000	
3	232.000	-80.200	0.000	0.000	
3	233.000	-80.200	0.000	0.000	
3	234.000	-80.200	0.000	0.000	
3	235.000	-80.200	0.000	0.000	
3	236.000	-80.200	0.000	0.000	
3	237.000	-80.200	0.000	0.000	
3	238.000	-80.200	0.000	0.000	
3	239.000	-80.200	0.000	0.000	
3	240.000	-80.200	0.000	0.000	
3	241.000	-80.200	0.000	0.000	
3	242.000	-80.200	0.000	0.000	
3	243.000	-80.200	0.000	0.000	
3	244.000	-80.200	0.000	0.000	
3	245.000	-80.200	0.000	0.000	
3	246.000	-80.200	0.000	0.000	
3	247.000	-80.200	0.000	0.000	
3	248.000	-80.200	0.000	0.000	
3	249.000	-80.200	0.000	0.000	
3	250.000	-80.200	0.000	0.000	
3	251.000	-80.200	0.000	0.000	
3	252.000	-80.200	0.000	0.000	
3	253.000	-80.200	0.000	0.000	
3	254.000	-80.200	0.000	0.000	
3	255.000	-80.200	0.000	0.000	
3	256.000	-80.200	0.000	0.000	
3	257.000	-80.200	0.000	0.000	
3	258.000	-80.200	0.000	0.000	
3	259.000	-80.200	0.000	0.000	
3	260.000	-80.200	0.000	0.000	
3	261.000	-80.200	0.000	0.000	
3	262.000	-80.200	0.000	0.000	
3	263.000	-80.200	0.000	0.000	
3	264.000	-80.200	0.000	0.000	
3	265.000	-80.200	0.000	0.000	
3	266.000	-80.200	0.000	0.000	
3	267.000	-80.200	0.000	0.000	
3	268.000	-80.200	0.000	0.000	
3	269.000	-80.200	0.000	0.000	
3	270.000	-80.200	0.000	0.000	
3	271.000	-80.200	0.000	0.000	
3	272.000	-80.200	0.000	0.000	
3	273.000	-80.200	0.000	0.000	
3	274.000	-80.200	0.000	0.000	
3	275.000	-80.200	0.000	0.000	
3	276.000	-80.200	0.000	0.000	
3	277.000	-80.200	0.000	0.000	
3	278.000	-80.200	0.000	0.000	
3	279.000	-80.200	0.000	0.000	
3	280.000	-80.200	0.000	0.000	
3	281.000	-80.200	0.000	0.000	
3	282.000	-80.200	0.000	0.000	
3	283.000	-80.200	0.000	0.000	
3	284.000	-80.200	0.000	0.000	
3	285.000	-80.200	0.000	0.000	
3	286.000	-80.200	0.000	0.000	
3	287.000	-80.200	0.000	0.000	
3	288.000	-80.200	0.000	0.000	
3	289.000	-80.200	0.000	0.000	
3	290.000	-80.200	0.000	0.000	
3	291.000	-80.200	0.000	0.000	
3	292.000	-80.200	0.000	0.000	
3	293.000	-80.200	0.000	0.000	
3	294.000	-80.200	0.000	0.000	
3	295.000	-80.200	0.000	0.000	
3	296.000	-80.200	0.000	0.000	
3	297.000	-80.200	0.000	0.000	
3	298.000	-80.200	0.000	0.000	
3	299.000	-80.200	0.000	0.000	
3	300.000	-80.200	0.000	0.000	
3	301.000	-80.200	0.000	0.000	
3	302.000	-80.200	0.000	0.000	
3	303.000	-80.200	0.000	0.000	
3	304.000	-80.200	0.000	0.000	
3	305.000	-80.200	0.000	0.000	
3	306.000	-80.200	0.000	0.000	
3	307.000	-80.200	0.000	0.000	
3	308.000	-80.200	0.000	0.000	
3	309.000	-80.200	0.000	0.000	
3	310.000	-80.200	0.000	0.000	
3	311.000	-80.200	0.000	0.000	
3	312.000	-80.200	0.000	0.000	
3	313.000	-80.200	0.000	0.000	
3	314.000	-80.200	0.000	0.000	
3	315.000	-80.200	0.000	0.000	
3	316.000	-80.200	0.000	0.000	
3	317.000	-80.200	0.000	0.000	
3	318.000	-80.200	0.000	0.000	
3	319.000	-80.200	0.000	0.000	
3	320.000	-80.200	0.000	0.000	
3	321.000	-80.200	0.000	0.000	
3	322.000	-80.200	0.000	0.000	
3	323.000	-80.200	0.000	0.000	
3	324.000	-80.200	0.000	0.000	
3	325.000	-80.200	0.000	0.000	
3	326.000	-80.200	0.000	0.000	
3	327.000	-80.200	0.000	0.000	
3	328.000	-80.200	0.000	0.000	
3	329.000	-80.200	0.000	0.000	
3	330.000	-80.200	0.000	0.000	
3	331.000	-80.200	0.000	0.000	
3	332.000	-80.200	0.000	0.000	
3	333.000	-80.200	0.000	0.000	
3	334.000	-80.200	0.000	0.000	
3	335.000	-80.200	0.000	0.000	
3	336.000	-80.200	0.000	0.000	
3	337.000	-80.200	0.000	0.000	
3	338.000	-80.200	0.000	0.000	
3	339.000	-80.200	0.000	0.000	
3	340.000	-80.200	0.000	0.000	
3	341.000	-80.200	0.000	0.000	
3	342.000	-80.200	0.000	0.000	
3	343.000	-80.200	0.000	0.000	
3	344.000	-80.200	0.000	0.000	
3	345.000	-80.200	0.000	0.000	
3	346.000	-80.200	0.000	0.000	
3	347.000	-80.200	0.000	0.000	
3	348.000	-80.200	0.000	0.000	
3	349.000	-80.200	0.000	0.000	
3	350.000	-80.200	0.000	0.000	
3	351.000	-80.200	0.000	0.000	
3	352.000	-80.200	0.000	0.000	
3	353.000	-80.200	0.000	0.000	
3	354.000	-80.200	0.000	0.000	
3	355.000	-80.200	0.000	0.000	
3	356.000	-80.200	0.000	0.000	
3	357.000	-80.200	0.000	0.000	
3	358.000	-80.200	0.000	0.000	
3	359.000	-80.200	0.000	0.000	
3	360.000	-80.200	0.000	0.000	
3	361.000	-80.200	0.000	0.000	
3	362.000	-80.200	0.000	0.000	
3	363.000	-80.200	0.000	0.000	
3	364.000	-80.200	0.000	0.000	
3	365.000	-80.200	0.000	0.000	
3	366.000	-80.200	0.000	0.000	
3	367.000	-80.200	0.000	0.000	
3	368.000	-80.200	0.000	0.000	
3	369.000	-80.200	0.000	0.000	
3	370.000	-80.200	0.000	0.000	
3	371.000	-80.200	0.000	0.000	
3	372.000	-80.200	0.000	0.000	
3	373.000	-80.200	0.000	0.000	
3	374.000	-80.200	0.000	0.000	
3	375.000	-80.200	0.000	0.000	
3	376.000	-80.200	0.000	0.000	
3	377.000	-80.200	0.000	0.000	
3	378.000	-80.200	0.000	0.000	
3	379.000	-80.200	0.000	0.000	
3	380.000	-80.200	0.000	0.000	
3	381.000	-80.200	0.000	0.000	
3	382.000	-80.200	0.000	0.000	
3	383.000	-80.200	0.000	0.000	
3	384.000	-80.200	0.000	0.000	
3	385.000	-80.200	0.000	0.000	
3	386.000	-80.200	0.000	0.000	
3	387.000	-80.200	0.000	0.000	
3	388.000	-80.200	0.000	0.000	
3	389.000	-80.200	0.000	0.000	
3	390.000	-80.200	0.000	0.000	
3	391.000	-80.200	0.000	0.000	
3	392.000	-80.200	0.000	0.000	
3	393.000	-80.200	0.000	0.000	
3	394.000	-80.200	0.000	0.000	
3	395.000	-80.200	0.000	0.000	
3	396.000	-80.200	0.000	0.000	
3	397.000	-80.200	0.000	0.000	
3	398.000	-80.200	0.000	0.000	
3	399.000	-80.200	0.000	0.000	
3	400.000	-80.200	0.000	0.000	
3	401.000	-80.200	0.000	0.000	
3	402.000	-80.200	0.000	0.000	
3	403.000	-80.200	0.000	0.000	
3	404.000	-80.200	0.000	0.000	
3	405.000	-80.200	0.000	0.000	
3	406.000	-80.200	0.000	0.000	
3	407.000	-80.200	0.000	0.000	
3	408.000	-80.200	0.000	0.000	
3	409.000	-80.200	0.000	0.000	
3	410.000	-80.200	0.000	0.000	
3	411.000	-80.200	0.000	0.000	
3	412.000	-80.200	0.000	0.000	
3	413.000	-80.200	0.000	0.000	
3	414.000	-80.200	0.000	0.000	
3	415.000	-80.200	0.000	0.000	
3	416.000	-80.200	0.000	0.000	
3	417.000	-80.200	0.000	0.000	
3	418.000	-80.200	0.000	0.000	
3	419.000	-80.200	0.000	0.000	
3	420.000	-80.200	0.000	0.000	
3	421.000	-80.200	0.000	0.000	
3	422.000	-80.200	0.000	0.000	
3	423.000	-80.200	0.000	0.000	
3	424.000	-80.200	0.000	0.000	
3	425.000	-80.200	0.000	0.000	
3	426.000	-80.200	0.000	0.000	
3	427.000	-80.200	0.000	0.000	
3	428.000	-80.200	0.000	0.000	
3	429.000	-80.200	0.000	0.000	
3	430.000	-80.200	0.000	0.000	
3	431.000	-80.200	0.000	0.000	
3	432.000	-80.200	0.000	0.000	
3	433.000	-80.200	0.000	0.000	
3	434.000	-80.200	0.000	0.000	
3	435.000	-80.200	0.000	0.000	
3	436.000	-80.200	0.000	0.000	
3	437.000	-80.200	0.000	0.000	
3	438.000	-80.200	0.000	0.000	
3	439.000	-80.200	0.000	0.000	
3	440.000	-80.200	0.000	0.000	
3	441.000	-80.200	0.000	0.000	
3	442.000	-80.200	0.000	0.000	
3	443.000	-80.200	0.000	0.000	
3	444.000	-80.200	0.000	0.000	
3	445.000	-80.200	0.000	0.000	
3	446.000	-80.200	0.000	0.000	
3	447.000	-80.200	0.000	0.000	
3	448.000	-80.200	0.000	0.000	
3	449.000	-80.200	0.000	0.000	
3	450.000	-80.200	0.000	0.000	
3	451.000	-80.200	0.000	0.000	
3	452.000	-80.200	0.000	0.000	
3	453.000	-80.200	0.000	0.000	
3	454.000	-80.200	0.000	0.000	
3	455.000	-80.200	0.000	0.000	
3	456.000	-80.200	0.000	0.000	
3	457.000	-80.200	0.000	0.000	
3	458.000	-80.200	0.000	0.000	
3	459.000	-80.200	0.000	0.000	
3	460.000	-80.200	0.000	0.000	
3	461.000	-80.200	0.000	0.000	
3	462.000	-80.200	0.000	0.000	
3	463.000	-80.200	0.000	0.000	
3	464.000	-80.200	0.000	0.000	
3	465.000	-80.200	0.000	0.000	
3	466.000	-80.200	0.000	0.000	
3	467.000	-80.200	0.000	0.000	
3	468.000	-80.200	0.000	0.000	
3	469.000	-80.200	0.000	0.000	
3	470.000	-80.200	0.000	0.000	
3	471.000	-80.200	0.000	0.000	
3	472.000	-80.200	0.000	0.000	
3	473.000	-80.200	0.000	0.000	
3	474.000	-80.200	0.000	0.000	
3	475.000	-80.200	0.000	0.000	
3	476.000	-80.200	0.000	0.000	
3	477.000	-80.200	0.000	0.000	
3	478.000	-80.200	0.000	0.000	
3	479.000	-80.200	0.000	0.000	
3	480.000	-80.200	0.000	0.000	
3	481.000	-80.200	0.000	0.000	
3	482.000	-80.200	0.000	0.000	
3	483.000	-80.200	0.000	0.000	
3	484.000	-80.200	0.000	0.000	
3	485.000	-80.200	0.000	0.000	
3	486.000	-80.200	0.000	0.000	
3	487.000	-80.200	0.000	0.000	
3	488.000	-80.200	0.000	0.000	
3	489.000	-80.200	0.000	0.000	
3	490.000	-80.200	0.000	0.000	
3	491.000	-80.200	0.000	0.000	
3	492.000	-80.200	0.000	0.000	
3	493.000	-80.200	0.000	0.000	
3	494.000	-80.200	0.000	0.000	
3	495.000	-80.200	0.000	0.000	
3	496.000	-80.200	0.000	0.000	
3	497.000	-80.200	0.000	0.000	
3	498.000	-80.200	0.000	0.000	
3	499.000	-80.200	0.000	0.000	
3	500.000	-80.200	0.000	0.000	
3	501.000	-80.200	0.000	1.000	
3	502.000	-80.251	0.000	0.779	
3	503.000	-80.282	0.000	0.607	
3	504.000	-80.300	0.000	0.472	
3	505.000	-80.308	0.000	0.368	
3	506.000	-80.309	0.000	0.287	
3	507.000	-80.306	0.000	0.223	
3	508.000	-80.300	0.000	0.174	
3	509.000	-80.292	0.000	0.135	
3	510.000	-80.283	0.000	0.105	
3	511.000	-80.275	0.000	0.082	
3	512.000	-80.266	0.000	0.064	
3	513.000	-80.258	0.000	0.050	
3	514.000	-80.250	0.000	0.039	
3	515.000	-80.243	0.000	0.030	
3	516.000	-80.236	0.000	0.024	
3	517.000	-80.230	0.000	0.018	
3	518.000	-80.225	0.000	0.014	
3	519.000	-80.220	0.000	0.011	
3	520.000	-80.216	0.000	0.009	
3	521.000	-80.213	0.000	0.007	
3	522.000	-80.210	0.000	0.005	
3	523.000	-80.207	0.000	0.004	
3	524.000	-80.205	0.000	0.003	
3	525.000	-80.203	0.000	0.002	
3	526.000	-80.202	0.000	0.002	
3	527.000	-80.201	0.000	0.002	
3	528.000	-80.199	0.000	0.001	
3	529.000	-80.199	0.000	0.001	
3	530.000	-80.198	0.000	0.001	
3	531.000	-80.197	0.000	0.001	
3	532.000	-80.197	0.000	0.000	
3	533.000	-80.197	0.000	0.000	
3	534.000	-80.196	0.000	0.000	
3	535.000	-80.196	0.000	0.000	
3	536.000	-80.196	0.000	0.000	
3	537.000	-80.196	0.000	0.000	
3	538.000	-80.196	0.000	0.000	
3	539.000	-80.196	0.000	0.000	
3	540.000	-80.196	0.000	0.000	
3	541.000	-80.196	0.000	0.000	
3	542.000	-80.196	0.000	0.000	
3	543.000	-80.197	0.000	0.000	
3	544.000	-80.197	0.000	0.000	
3	545.000	-80.197	0.000	0.000	
3	546.000	-80.197	0.000	0.000	
3	547.000	-80.197	0.000	0.000	
3	548.000	-80.197	0.000	0.000	
3	549.000	-80.197	0.000	0.000	
3	550.000	-80.197	0.000	0.000	
3	551.000	-80.198	0.000	0.000	
3	552.000	-80.198	0.000	0.000	
3	553.000	-80.198	0.000	0.000	
3	554.000	-80.198	0.000	0.000	
3	555.000	-80.198	0.000	0.000	
3	556.000	-80.198	0.000	0.000	
3	557.000	-80.198	0.000	0.000	
3	558.000	-80.198	0.000	0.000	
3	559.000	-80.198	0.000	0.000	
3	560.000	-80.199	0.000	0.000	
3	561.000	-80.199	0.000	0.000	
3	562.000	-80.199	0.000	0.000	
3	563.000	-80.199	0.000	0.000	
3	564.000	-80.199	0.000	0.000	
3	565.000	-80.199	0.000	0.000	
3	566.000	-80.199	0.000	0.000	
3	567.000	-80.199	0.000	0.000	
3	568.000	-80.199	0.000	0.000	
3	569.000	-80.199	0.000	0.000	
3	570.000	-80.199	0.000	0.000	
3	571.000	-80.199	0.000	0.000	
3	572.000	-80.199	0.000	0.000	
3	573.000	-80.199	0.000	0.000	
3	574.000	-80.199	0.000	0.000	
3	575.000	-80.199	0.000	0.000	
3	576.000	-80.199	0.000	0.000	
3	577.000	-80.199	0.000	0.000	
3	578.000	-80.199	0.000	0.000	
3	579.000	-80.200	0.000	0.000	
3	580.000	-80.200	0.000	0.000	
3	581.000	-80.200	0.000	0.000	
3	582.000	-80.200	0.000	0.000	
3	583.000	-80.200	0.000	0.000	
3	584.000	-80.200	0.000	0.000	
3	585.000	-80.200	0.000	0.000	
3	586.000	-80.200	0.000	0.000	
3	587.000	-80.200	0.000	0.000	
3	588.000	-80.200	0.000	0.000	
3	589.000	-80.200	0.000	0.000	
3	590.000	-80.200	0.000	0.000	
3	591.000	-80.200	0.000	0.000	
3	592.000	-80.200	0.000	0.000	
3	593.000	-80.200	0.000	0.000	
3	594.000	-80.200	0.000	0.000	
3	595.000	-80.200	0.000	0.000	
3	596.000	-80.200	0.000	0.000	
3	597.000	-80.200	0.000	0.000	
3	598.000	-80.200	0.000	0.000	
3	599.000	-80.200	0.000	0.000	
3	600.000	-80.200	0.000	0.000	
3	601.000	-80.200	0.000	0.000	
3	602.000	-80.200	0.000	0.000	
3	603.000	-80.200	0.000	0.000	
3	604.000	-80.200	0.000	0.000	
3	605.000	-80.200	0.000	0.000	
3	606.000	-80.200	0.000	0.000	
3	607.000	-80.200	0.000	0.000	
3	608.000	-80.200	0.000	0.000	
3	609.000	-80.200	0.000	0.000	
3	610.000	-80.200	0.000	0.000	
3	611.000	-80.200	0.000	0.000	
3	612.000	-80.200	0.000	0.000	
3	613.000	-80.200	0.000	0.000	
3	614.000	-80.200	0.000	0.000	
3	615.000	-80.200	0.000	0.000	
3	616.000	-80.200	0.000	0.000	
3	617.000	-80.200	0.000	0.000	
3	618.000	-80.200	0.000	0.000	
3	619.000	-80.200	0.000	0.000	
3	620.000	-80.200	0.000	0.000	
3	621.000	-80.200	0.000	0.000	
3	622.000	-80.200	0.000	0.000	
3	623.000	-80.200	0.000	0.000	
3	624.000	-80.200	0.000	0.000	
3	625.000	-80.200	0.000	0.000	
3	626.000	-80.200	0.000	0.000	
3	627.000	-80.200	0.000	0.000	
3	628.000	-80.200	0.000	0.000	
3	629.000	-80.200	0.000	0.000	
3	630.000	-80.200	0.000	0.000	
3	631.000	-80.200	0.000	0.000	
3	632.000	-80.200	0.000	0.000	
3	633.000	-80.200	0.000	0.000	
3	634.000	-80.200	0.000	0.000	
3	635.000	-80.200	0.000	0.000	
3	636.000	-80.200	0.000	0.000	
3	637.000	-80.200	0.000	0.000	
3	638.000	-80.200	0.000	0.000	
3	639.000	-80.200	0.000	0.000	
3	640.000	-80.200	0.000	0.000	
3	641.000	-80.200	0.000	0.000	
3	642.000	-80.200	0.000	0.000	
3	643.000	-80.200	0.000	0.000	
3	644.000	-80.200	0.000	0.000	
3	645.000	-80.200	0.000	0.000	
3	646.000	-80.200	0.000	0.000	
3	647.000	-80.200	0.000	0.000	
3	648.000	-80.200	0.000	0.000	
3	649.000	-80.200	0.000	0.000	
3	650.000	-80.200	0.000	0.000	
3	651.000	-80.200	0.000	0.000	
3	652.000	-80.200	0.000	0.000	
3	653.000	-80.200	0.000	0.000	
3	654.000	-80.200	0.000	0.000	
3	655.000	-80.200	0.000	0.000	
3	656.000	-80.200	0.000	0.000	
3	657.000	-80.200	0.000	0.000	
3	658.000	-80.200	0.000	0.000	
3	659.000	-80.200	0.000	0.000	
3	660.000	-80.200	0.000	0.000	
3	661.000	-80.200	0.000	0.000	
3	662.000	-80.200	0.000	0.000	
3	663.000	-80.200	0.000	0.000	
3	664.000	-80.200	0.000	0.000	
3	665.000	-80.200	0.000	0.000	
3	666.000	-80.200	0.000	0.000	
3	667.000	-80.200	0.000	0.000	
3	668.000	-80.200	0.000	0.000	
3	669.000	-80.200	0.000	0.000	
3	670.000	-80.200	0.000	0.000	
3	671.000	-80.200	0.000	0.000	
3	672.000	-80.200	0.000	0.000	
3	673.000	-80.200	0.000	0.000	
3	674.000	-80.200	0.000	0.000	
3	675.000	-80.200	0.000	0.000	
3	676.000	-80.200	0.000	0.000	
3	677.000	-80.200	0.000	0.000	
3	678.000	-80.200	0.000	0.000	
3	679.000	-80.200	0.000	0.000	
3	680.000	-80.200	0.000	0.000	
3	681.000	-80.200	0.000	0.000	
3	682.000	-80.200	0.000	0.000	
3	683.000	-80.200	0.000	0.000	
3	684.000	-80.200	0.000	0.000	
3	685.000	-80.200	0.000	0.000	
3	686.000	-80.200	0.000	0.000	
3	687.000	-80.200	0.000	0.000	
3	688.000	-80.200	0.000	0.000	
3	689.000	-80.200	0.000	0.000	
3	690.000	-80.200	0.000	0.000	
3	691.000	-80.200	0.000	0.000	
3	692.000	-80.200	0.000	0.000	
3	693.000	-80.200	0.000	0.000	
3	694.000	-80.200	0.000	0.000	
3	695.000	-80.200	0.000	0.000	
3	696.000	-80.200	0.000	0.000	
3	697.000	-80.200	0.000	0.000	
3	698.000	-80.200	0.000	0.000	
3	699.000	-80.200	0.000	0.000	
3	700.000	-80.200	0.000	0.000	
3	701.000	-80.200	0.000	0.000	
3	702.000	-80.200	0.000	0.000	
3	703.000	-80.200	0.000	0.000	
3	704.000	-80.200	0.000	0.000	
3	705.000	-80.200	0.000	0.000	
3	706.000	-80.200	0.000	0.000	
3	707.000	-80.200	0.000	0.000	
3	708.000	-80.200	0.000	0.000	
3	709.000	-80.200	0.000	0.000	
3	710.000	-80.200	0.000	0.000	
3	711.000	-80.200	0.000	0.000	
3	712.000	-80.200	0.000	0.000	
3	713.000	-80.200	0.000	0.000	
3	714.000	-80.200	0.000	0.000	
3	715.000	-80.200	0.000	0.000	
3	716.000	-80.200	0.000	0.000	
3	717.000	-80.200	0.000	0.000	
3	718.000	-80.200	0.000	0.000	
3	719.000	-80.200	0.000	0.000	
3	720.000	-80.200	0.000	0.000	
3	721.000	-80.200	0.000	0.000	
3	722.000	-80.200	0.000	0.000	
3	723.000	-80.200	0.000	0.000	
3	724.000	-80.200	0.000	0.000	
3	725.000	-80.200	0.000	0.000	
3	726.000	-80.200	0.000	0.000	
3	727.000	-80.200	0.000	0.000	
3	728.000	-80.200	0.000	0.000	
3	729.000	-80.200	0.000	0.000	
3	730.000	-80.200	0.000	0.000	
3	731.000	-80.200	0.000	0.000	
3	732.000	-80.200	0.000	0.000	
3	733.000	-80.200	0.000	0.000	
3	734.000	-80.200	0.000	0.000	
3	735.000	-80.200	0.000	0.000	
3	736.000	-80.200	0.000	0.000	
3	737.000	-80.200	0.000	0.000	
3	738.000	-80.200	0.000	0.000	
3	739.000	-80.200	0.000	0.000	
3	740.000	-80.200	0.000	0.000	
3	741.000	-80.200	0.000	0.000	
3	742.000	-80.200	0.000	0.000	
3	743.000	-80.200	0.000	0.000	
3	744.000	-80.200	0.000	0.000	
3	745.000	-80.200	0.000	0.000	
3	746.000	-80.200	0.000	0.000	
3	747.000	-80.200	0.000	0.000	
3	748.000	-80.200	0.000	0.000	
3	749.000	-80.200	0.000	0.000	
3	750.000	-80.200	0.000	0.000	
3	751.000	-80.200	0.000	0.000	
3	752.000	-80.200	0.000	0.000	
3	753.000	-80.200	0.000	0.000	
3	754.000	-80.200	0.000	0.000	
3	755.000	-80.200	0.000	0.000	
3	756.000	-80.200	0.000	0.000	
3	757.000	-80.200	0.000	0.000	
3	758.000	-80.200	0.000	0.000	
3	759.000	-80.200	0.000	0.000	
3	760.000	-80.200	0.000	0.000	
3	761.000	-80.200	0.000	0.000	
3	762.000	-80.200	0.000	0.000	
3	763.000	-80.200	0.000	0.000	
3	764.000	-80.200	0.000	0.000	
3	765.000	-80.200	0.000	0.000	
3	766.000	-80.200	0.000	0.000	
3	767.000	-80.200	0.000	0.000	
3	768.000	-80.200	0.000	0.000	
3	769.000	-80.200	0.000	0.000	
3	770.000	-80.200	0.000	0.000	
3	771.000	-80.200	0.000	0.000	
3	772.000	-80.200	0.000	0.000	
3	773.000	-80.200	0.000	0.000	
3	774.000	-80.200	0.000	0.000	
3	775.000	-80.200	0.000	0.000	
3	776.000	-80.200	0.000	0.000	
3	777.000	-80.200	0.000	0.000	
3	778.000	-80.200	0.000	0.000	
3	779.000	-80.200	0.000	0.000	
3	780.000	-80.200	0.000	0.000	
3	781.000	-80.200	0.000	0.000	
3	782.000	-80.200	0.000	0.000	
3	783.000	-80.200	0.000	0.000	
3	784.000	-80.200	0.000	0.000	
3	785.000	-80.200	0.000	0.000	
3	786.000	-80.200	0.000	0.000	
3	787.000	-80.200	0.000	0.000	
3	788.000	-80.200	0.000	0.000	
3	789.000	-80.200	0.000	0.000	
3	790.000	-80.200	0.000	0.000	
3	791.000	-80.200	0.000	0.000	
3	792.000	-80.200	0.000	0.000	
3	793.000	-80.200	0.000	0.000	
3	794.000	-80.200	0.000	0.000	
3	795.000	-80.200	0.000	0.000	
3	796.000	-80.200	0.000	0.000	
3	797.000	-80.200	0.000	0.000	
3	798.000	-80.200	0.000	0.000	
3	799.000	-80.200	0.000	0.000	
3	800.000	-80.200	0.000	0.000	
3	801.000	-80.200	1.000	0.000	
3	802.000	-79.244	0.607	0.000	
3	803.000	-78.818	0.368	0.000	
3	804.000	-78.687	0.223	0.000	
3	805.000	-78.716	0.135	0.000	
3	806.000	-78.825	0.082	0.000	
3	807.000	-78.970	0.050	0.000	
3	808.000	-79.125	0.030	0.000	
3	809.000	-79.276	0.018	0.000	
3	810.000	-79.416	0.011	0.000	
3	811.000	-79.542	0.007	0.000	
3	812.000	-79.654	0.004	0.000	
3	813.000	-79.751	0.002	0.000	
3	814.000	-79.834	0.002	0.000	
3	815.000	-79.906	0.001	0.000	
3	816.000	-79.967	0.001	0.000	
3	817.000	-80.018	0.000	0.000	
3	818.000	-80.062	0.000	0.000	
3	819.000	-80.098	0.000	0.000	
3	820.000	-80.128	0.000	0.000	
3	821.000	-80.153	0.000	0.000	
3	822.000	-80.174	0.000	0.000	
3	823.000	-80.191	0.000	0.000	
3	824.000	-80.205	0.000	0.000	
3	825.000	-80.216	0.000	0.000	
3	826.000	-80.224	0.000	0.000	
3	827.000	-80.231	0.000	0.000	
3	828.000	-80.236	0.000	0.000	
3	829.000	-80.240	0.000	0.000	
3	830.000	-80.243	0.000	0.000	
3	831.000	-80.245	0.000	0.000	
3	832.000	-80.246	0.000	0.000	
3	833.000	-80.246	0.000	0.000	
3	834.000	-80.246	0.000	0.000	
3	835.000	-80.245	0.000	0.000	
3	836.000	-80.244	0.000	0.000	
3	837.000	-80.243	0.000	0.000	
3	838.000	-80.242	0.000	0.000	
3	839.000	-80.241	0.000	0.000	
3	840.000	-80.239	0.000	0.000	
3	841.000	-80.237	0.000	0.000	
3	842.000	-80.236	0.000	0.000	
3	843.000	-80.234	0.000	0.000	
3	844.000	-80.233	0.000	0.000	
3	845.000	-80.231	0.000	0.000	
3	846.000	-80.229	0.000	0.000	
3	847.000	-80.228	0.000	0.000	
3	848.000	-80.226	0.000	0.000	
3	849.000	-80.225	0.000	0.000	
3	850.000	-80.223	0.000	0.000	
3	851.000	-80.222	0.000	0.000	
3	852.000	-80.221	0.000	0.000	
3	853.000	-80.219	0.000	0.000	
3	854.000	-80.218	0.000	0.000	
3	855.000	-80.217	0.000	0.000	
3	856.000	-80.216	0.000	0.000	
3	857.000	-80.215	0.000	0.000	
3	858.000	-80.214	0.000	0.000	
3	859.000	-80.213	0.000	0.000	
3	860.000	-80.212	0.000	0.000	
3	861.000	-80.211	0.000	0.000	
3	862.000	-80.211	0.000	0.000	
3	863.000	-80.210	0.000	0.000	
3	864.000	-80.209	0.000	0.000	
3	865.000	-80.209	0.000	0.000	
3	866.000	-80.208	0.000	0.000	
3	867.000	-80.208	0.000	0.000	
3	868.000	-80.207	0.000	0.000	
3	869.000	-80.207	0.000	0.000	
3	870.000	-80.206	0.000	0.000	
3	871.000	-80.206	0.000	0.000	
3	872.000	-80.205	0.000	0.000	
3	873.000	-80.205	0.000	0.000	
3	874.000	-80.205	0.000	0.000	
3	875.000	-80.204	0.000	0.000	
3	876.000	-80.204	0.000	0.000	
3	877.000	-80.204	0.000	0.000	
3	878.000	-80.203	0.000	0.000	
3	879.000	-80.203	0.000	0.000	
3	880.000	-80.203	0.000	0.000	
3	881.000	-80.203	0.000	0.000	
3	882.000	-80.203	0.000	0.000	
3	883.000	-80.202	0.000	0.000	
3	884.000	-80.202	0.000	0.000	
3	885.000	-80.202	0.000	0.000	
3	886.000	-80.202	0.000	0.000	
3	887.000	-80.202	0.000	0.000	
3	888.000	-80.202	0.000	0.000	
3	889.000	-80.202	0.000	0.000	
3	890.000	-80.201	0.000	0.000	
3	891.000	-80.201	0.000	0.000	
3	892.000	-80.201	0.000	0.000	
3	893.000	-80.201	0.000	0.000	
3	894.000	-80.201	0.000	0.000	
3	895.000	-80.201	0.000	0.000	
3	896.000	-80.201	0.000	0.000	
3	897.000	-80.201	0.000	0.000	
3	898.000	-80.201	0.000	0.000	
3	899.000	-80.201	0.000	0.000	
3	900.000	-80.201	0.000	0.000	
3	901.000	-80.201	0.000	0.000	
3	902.000	-80.201	0.000	0.000	
3	903.000	-80.201	0.000	0.000	
3	904.000	-80.200	0.000	0.000	
3	905.000	-80.200	0.000	0.000	
3	906.000	-80.200	0.000	0.000	
3	907.000	-80.200	0.000	0.000	
3	908.000	-80.200	0.000	0.000	
3	909.000	-80.200	0.000	0.000	
3	910.000	-80.200	0.000	0.000	
3	911.000	-80.200	0.000	0.000	
3	912.000	-80.200	0.000	0.000	
3	913.000	-80.200	0.000	0.000	
3	914.000	-80.200	0.000	0.000	
3	915.000	-80.200	0.000	0.000	
3	916.000	-80.200	0.000	0.000	
3	917.000	-80.200	0.000	0.000	
3	918.000	-80.200	0.000	0.000	
3	919.000	-80.200	0.000	0.000	
3	920.000	-80.200	0.000	0.000	
3	921.000	-80.200	0.000	0.000	
3	922.000	-80.200	0.000	0.000	
3	923.000	-80.200	0.000	0.000	
3	924.000	-80.200	0.000	0.000	
3	925.000	-80.200	0.000	0.000	
3	926.000	-80.200	0.000	0.000	
3	927.000	-80.200	0.000	0.000	
3	928.000	-80.200	0.000	0.000	
3	929.000	-80.200	0.000	0.000	
3	930.000	-80.200	0.000	0.000	
3	931.000	-80.200	0.000	0.000	
3	932.000	-80.200	0.000	0.000	
3	933.000	-80.200	0.000	0.000	
3	934.000	-80.200	0.000	0.000	
3	935.000	-80.200	0.000	0.000	
3	936.000	-80.200	0.000	0.000	
3	937.000	-80.200	0.000	0.000	
3	938.000	-80.200	0.000	0.000	
3	939.000	-80.200	0.000	0.000	
3	940.000	-80.200	0.000	0.000	
3	941.000	-80.200	0.000	0.000	
3	942.000	-80.200	0.000	0.000	
3	943.000	-80.200	0.000	0.000	
3	944.000	-80.200	0.000	0.000	
3	945.000	-80.200	0.000	0.000	
3	946.000	-80.200	0.000	0.000	
3	947.000	-80.200	0.000	0.000	
3	948.000	-80.200	0.000	0.000	
3	949.000	-80.200	0.000	0.000	
3	950.000	-80.200	0.000	0.000	
3	951.000	-80.200	0.000	0.000	
3	952.000	-80.200	0.000	0.000	
3	953.000	-80.200	0.000	0.000	
3	954.000	-80.200	0.000	0.000	
3	955.000	-80.200	0.000	0.000	
3	956.000	-80.200	0.000	0.000	
3	957.000	-80.200	0.000	0.000	
3	958.000	-80.200	0.000	0.000	
3	959.000	-80.200	0.000	0.000	
3	960.000	-80.200	0.000	0.000	
3	961.000	-80.200	0.000	0.000	
3	962.000	-80.200	0.000	0.000	
3	963.000	-80.200	0.000	0.000	
3	964.000	-80.200	0.000	0.000	
3	965.000	-80.200	0.000	0.000	
3	966.000	-80.200	0.000	0.000	
3	967.000	-80.200	0.000	0.000	
3	968.000	-80.200	0.000	0.000	
3	969.000	-80.200	0.000	0.000	
3	970.000	-80.200	0.000	0.000	
3	971.000	-80.200	0.000	0.000	
3	972.000	-80.200	0.000	0.000	
3	973.000	-80.200	0.000	0.000	
3	974.000	-80.200	0.000	0.000	
3	975.000	-80.200	0.000	0.000	
3	976.000	-80.200	0.000	0.000	
3	977.000	-80.200	0.000	0.000	
3	978.000	-80.200	0.000	0.000	
3	979.000	-80.200	0.000	0.000	
3	980.000	-80.200	0.000	0.000	
3	981.000	-80.200	0.000	0.000	
3	982.000	-80.200	0.000	0.000	
3	983.000	-80.200	0.000	0.000	
3	984.000	-80.200	0.000	0.000	
3	985.000	-80.200	0.000	0.000	
3	986.000	-80.200	0.000	0.000	
3	987.000	-80.200	0.000	0.000	
3	988.000	-80.200	0.000	0.000	
3	989.000	-80.200	0.000	0.000	
3	990.000	-80.200	0.000	0.000	
3	991.000	-80.200	0.000	0.000	
3	992.000	-80.200	0.000	0.000	
3	993.000	-80.200	0.000	0.000	
3	994.000	-80.200	0.000	0.000	
3	995.000	-80.200	0.000	0.000	
3	996.000	-80.200	0.000	0.000	
3	997.000	-80.200	0.000	0.000	
3	998.000	-80.200	0.000	0.000	
3	999.000	-80.200	0.000	0.000	
