1	1.000	-78.200	0.000	0.000	
1	2.000	-78.200	0.000	0.000	
1	3.000	-78.200	0.000	0.000	
1	4.000	-78.200	0.000	0.000	
1	5.000	-78.200	0.000	0.000	
1	6.000	-78.200	0.000	0.000	
1	7.000	-78.200	0.000	0.000	
1	8.000	-78.200	0.000	0.000	
1	9.000	-78.200	0.000	0.000	
1	10.000	-78.200	0.000	0.000	
1	11.000	-78.200	0.000	0.000	
1	12.000	-78.200	0.000	0.000	
1	13.000	-78.200	0.000	0.000	
1	14.000	-78.200	0.000	0.000	
1	15.000	-78.200	0.000	0.000	
1	16.000	-78.200	0.000	0.000	
1	17.000	-78.200	0.000	0.000	
1	18.000	-78.200	0.000	0.000	
1	19.000	-78.200	0.000	0.000	
1	20.000	-78.200	0.000	0.000	
1	21.000	-78.200	0.000	0.000	
1	22.000	-78.200	0.000	0.000	
1	23.000	-78.200	0.000	0.000	
1	24.000	-78.200	0.000	0.000	
1	25.000	-78.200	0.000	0.000	
1	26.000	-78.200	0.000	0.000	
1	27.000	-78.200	0.000	0.000	
1	28.000	-78.200	0.000	0.000	
1	29.000	-78.200	0.000	0.000	
1	30.000	-78.200	0.000	0.000	
1	31.000	-78.200	0.000	0.000	
1	32.000	-78.200	0.000	0.000	
1	33.000	-78.200	0.000	0.000	
1	34.000	-78.200	0.000	0.000	
1	35.000	-78.200	0.000	0.000	
1	36.000	-78.200	0.000	0.000	
1	37.000	-78.200	0.000	0.000	
1	38.000	-78.200	0.000	0.000	
1	39.000	-78.200	0.000	0.000	
1	40.000	-78.200	0.000	0.000	
1	41.000	-78.200	0.000	0.000	
1	42.000	-78.200	0.000	0.000	
1	43.000	-78.200	0.000	0.000	
1	44.000	-78.200	0.000	0.000	
1	45.000	-78.200	0.000	0.000	
1	46.000	-78.200	0.000	0.000	
1	47.000	-78.200	0.000	0.000	
1	48.000	-78.200	0.000	0.000	
1	49.000	-78.200	0.000	0.000	
1	50.000	-78.200	0.000	0.000	
1	51.000	-78.200	0.000	0.000	
1	52.000	-78.200	0.000	0.000	
1	53.000	-78.200	0.000	0.000	
1	54.000	-78.200	0.000	0.000	
1	55.000	-78.200	0.000	0.000	
1	56.000	-78.200	0.000	0.000	
1	57.000	-78.200	0.000	0.000	
1	58.000	-78.200	0.000	0.000	
1	59.000	-78.200	0.000	0.000	
1	60.000	-78.200	0.000	0.000	
1	61.000	-78.200	0.000	0.000	
1	62.000	-78.200	0.000	0.000	
1	63.000	-78.200	0.000	0.000	
1	64.000	-78.200	0.000	0.000	
1	65.000	-78.200	0.000	0.000	
1	66.000	-78.200	0.000	0.000	
1	67.000	-78.200	0.000	0.000	
1	68.000	-78.200	0.000	0.000	
1	69.000	-78.200	0.000	0.000	
1	70.000	-78.200	0.000	0.000	
1	71.000	-78.200	0.000	0.000	
1	72.000	-78.200	0.000	0.000	
1	73.000	-78.200	0.000	0.000	
1	74.000	-78.200	0.000	0.000	
1	75.000	-78.200	0.000	0.000	
1	76.000	-78.200	0.000	0.000	
1	77.000	-78.200	0.000	0.000	
1	78.000	-78.200	0.000	0.000	
1	79.000	-78.200	0.000	0.000	
1	80.000	-78.200	0.000	0.000	
1	81.000	-78.200	0.000	0.000	
1	82.000	-78.200	0.000	0.000	
1	83.000	-78.200	0.000	0.000	
1	84.000	-78.200	0.000	0.000	
1	85.000	-78.200	0.000	0.000	
1	86.000	-78.200	0.000	0.000	
1	87.000	-78.200	0.000	0.000	
1	88.000	-78.200	0.000	0.000	
1	89.000	-78.200	0.000	0.000	
1	90.000	-78.200	0.000	0.000	
1	91.000	-78.200	0.000	0.000	
1	92.000	-78.200	0.000	0.000	
1	93.000	-78.200	0.000	0.000	
1	94.000	-78.200	0.000	0.000	
1	95.000	-78.200	0.000	0.000	
1	96.000	-78.200	0.000	0.000	
1	97.000	-78.200	0.000	0.000	
1	98.000	-78.200	0.000	0.000	
1	99.000	-78.200	0.000	0.000	
1	100.000	-78.200	0.000	0.000	
1	101.000	-78.200	0.000	0.000	
1	102.000	-78.200	0.000	0.000	
1	103.000	-78.200	0.000	0.000	
1	104.000	-78.200	0.000	0.000	
1	105.000	-78.200	0.000	0.000	
1	106.000	-78.200	0.000	0.000	
1	107.000	-78.200	0.000	0.000	
1	108.000	-78.200	0.000	0.000	
1	109.000	-78.200	0.000	0.000	
1	110.000	-78.200	0.000	0.000	
1	111.000	-78.200	0.000	0.000	
1	112.000	-78.200	0.000	0.000	
1	113.000	-78.200	0.000	0.000	
1	114.000	-78.200	0.000	0.000	
1	115.000	-78.200	0.000	0.000	
1	116.000	-78.200	0.000	0.000	
1	117.000	-78.200	0.000	0.000	
1	118.000	-78.200	0.000	0.000	
1	119.000	-78.200	0.000	0.000	
1	120.000	-78.200	0.000	0.000	
1	121.000	-78.200	0.000	0.000	
1	122.000	-78.200	0.000	0.000	
1	123.000	-78.200	0.000	0.000	
1	124.000	-78.200	0.000	0.000	
1	125.000	-78.200	0.000	0.000	
1	126.000	-78.200	0.000	0.000	
1	127.000	-78.200	0.000	0.000	
1	128.000	-78.200	0.000	0.000	
1	129.000	-78.200	0.000	0.000	
1	130.000	-78.200	0.000	0.000	
1	131.000	-78.200	0.000	0.000	
1	132.000	-78.200	0.000	0.000	
1	133.000	-78.200	0.000	0.000	
1	134.000	-78.200	0.000	0.000	
1	135.000	-78.200	0.000	0.000	
1	136.000	-78.200	0.000	0.000	
1	137.000	-78.200	0.000	0.000	
1	138.000	-78.200	0.000	0.000	
1	139.000	-78.200	0.000	0.000	
1	140.000	-78.200	0.000	0.000	
1	141.000	-78.200	0.000	0.000	
1	142.000	-78.200	0.000	0.000	
1	143.000	-78.200	0.000	0.000	
1	144.000	-78.200	0.000	0.000	
1	145.000	-78.200	0.000	0.000	
1	146.000	-78.200	0.000	0.000	
1	147.000	-78.200	0.000	0.000	
1	148.000	-78.200	0.000	0.000	
1	149.000	-78.200	0.000	0.000	
1	150.000	-78.200	0.000	0.000	
1	151.000	-78.200	0.000	0.000	
1	152.000	-78.200	0.000	0.000	
1	153.000	-78.200	0.000	0.000	
1	154.000	-78.200	0.000	0.000	
1	155.000	-78.200	0.000	0.000	
1	156.000	-78.200	0.000	0.000	
1	157.000	-78.200	0.000	0.000	
1	158.000	-78.200	0.000	0.000	
1	159.000	-78.200	0.000	0.000	
1	160.000	-78.200	0.000	0.000	
1	161.000	-78.200	0.000	0.000	
1	162.000	-78.200	0.000	0.000	
1	163.000	-78.200	0.000	0.000	
1	164.000	-78.200	0.000	0.000	
1	165.000	-78.200	0.000	0.000	
1	166.000	-78.200	0.000	0.000	
1	167.000	-78.200	0.000	0.000	
1	168.000	-78.200	0.000	0.000	
1	169.000	-78.200	0.000	0.000	
1	170.000	-78.200	0.000	0.000	
1	171.000	-78.200	0.000	0.000	
1	172.000	-78.200	0.000	0.000	
1	173.000	-78.200	0.000	0.000	
1	174.000	-78.200	0.000	0.000	
1	175.000	-78.200	0.000	0.000	
1	176.000	-78.200	0.000	0.000	
1	177.000	-78.200	0.000	0.000	
1	178.000	-78.200	0.000	0.000	
1	179.000	-78.200	0.000	0.000	
1	180.000	-78.200	0.000	0.000	
1	181.000	-78.200	0.000	0.000	
1	182.000	-78.200	0.000	0.000	
1	183.000	-78.200	0.000	0.000	
1	184.000	-78.200	0.000	0.000	
1	185.000	-78.200	0.000	0.000	
1	186.000	-78.200	0.000	0.000	
1	187.000	-78.200	0.000	0.000	
1	188.000	-78.200	0.000	0.000	
1	189.000	-78.200	0.000	0.000	
1	190.000	-78.200	0.000	0.000	
1	191.000	-78.200	0.000	0.000	
1	192.000	-78.200	0.000	0.000	
1	193.000	-78.200	0.000	0.000	
1	194.000	-78.200	0.000	0.000	
1	195.000	-78.200	0.000	0.000	
1	196.000	-78.200	0.000	0.000	
1	197.000	-78.200	0.000	0.000	
1	198.000	-78.200	0.000	0.000	
1	199.000	-78.200	0.000	0.000	
1	200.000	-78.200	0.000	0.000	
1	201.000	-78.200	0.000	0.000	
1	202.000	-78.200	0.000	0.000	
1	203.000	-78.200	0.000	0.000	
1	204.000	-78.200	0.000	0.000	
1	205.000	-78.200	0.000	0.000	
1	206.000	-78.200	0.000	0.000	
1	207.000	-78.200	0.000	0.000	
1	208.000	-78.200	0.000	0.000	
1	209.000	-78.200	0.000	0.000	
1	210.000	-78.200	0.000	0.000	
1	211.000	-78.200	0.000	0.000	
1	212.000	-78.200	0.000	0.000	
1	213.000	-78.200	0.000	0.000	
1	214.000	-78.200	0.000	0.000	
1	215.000	-78.200	0.000	0.000	
1	216.000	-78.200	0.000	0.000	
1	217.000	-78.200	0.000	0.000	
1	218.000	-78.200	0.000	0.000	
1	219.000	-78.200	0.000	0.000	
1	220.000	-78.200	0.000	0.000	
1	221.000	-78.200	0.000	0.000	
1	222.000	-78.200	0.000	0.000	
1	223.000	-78.200	0.000	0.000	
1	224.000	-78.200	0.000	0.000	
1	225.000	-78.200	0.000	0.000	
1	226.000	-78.200	0.000	0.000	
1	227.000	-78.200	0.000	0.000	
1	228.000	-78.200	0.000	0.000	
1	229.000	-78.200	0.000	0.000	
1	230.000	-78.200	0.000	0.000	
1	231.000	-78.200	0.000	0.000	
1	232.000	-78.200	0.000	0.000	
1	233.000	-78.200	0.000	0.000	
1	234.000	-78.200	0.000	0.000	
1	235.000	-78.200	0.000	0.000	
1	236.000	-78.200	0.000	0.000	
1	237.000	-78.200	0.000	0.000	
1	238.000	-78.200	0.000	0.000	
1	239.000	-78.200	0.000	0.000	
1	240.000	-78.200	0.000	0.000	
1	241.000	-78.200	0.000	0.000	
1	242.000	-78.200	0.000	0.000	
1	243.000	-78.200	0.000	0.000	
1	244.000	-78.200	0.000	0.000	
1	245.000	-78.200	0.000	0.000	
1	246.000	-78.200	0.000	0.000	
1	247.000	-78.200	0.000	0.000	
1	248.000	-78.200	0.000	0.000	
1	249.000	-78.200	0.000	0.000	
1	250.000	-78.200	0.000	0.000	
1	251.000	-78.200	0.000	0.000	
1	252.000	-78.200	0.000	0.000	
1	253.000	-78.200	0.000	0.000	
1	254.000	-78.200	0.000	0.000	
1	255.000	-78.200	0.000	0.000	
1	256.000	-78.200	0.000	0.000	
1	257.000	-78.200	0.000	0.000	
1	258.000	-78.200	0.000	0.000	
1	259.000	-78.200	0.000	0.000	
1	260.000	-78.200	0.000	0.000	
1	261.000	-78.200	0.000	0.000	
1	262.000	-78.200	0.000	0.000	
1	263.000	-78.200	0.000	0.000	
1	264.000	-78.200	0.000	0.000	
1	265.000	-78.200	0.000	0.000	
1	266.000	-78.200	0.000	0.000	
1	267.000	-78.200	0.000	0.000	
1	268.000	-78.200	0.000	0.000	
1	269.000	-78.200	0.000	0.000	
1	270.000	-78.200	0.000	0.000	
1	271.000	-78.200	0.000	0.000	
1	272.000	-78.200	0.000	0.000	
1	273.000	-78.200	0.000	0.000	
1	274.000	-78.200	0.000	0.000	
1	275.000	-78.200	0.000	0.000	
1	276.000	-78.200	0.000	0.000	
1	277.000	-78.200	0.000	0.000	
1	278.000	-78.200	0.000	0.000	
1	279.000	-78.200	0.000	0.000	
1	280.000	-78.200	0.000	0.000	
1	281.000	-78.200	0.000	0.000	
1	282.000	-78.200	0.000	0.000	
1	283.000	-78.200	0.000	0.000	
1	284.000	-78.200	0.000	0.000	
1	285.000	-78.200	0.000	0.000	
1	286.000	-78.200	0.000	0.000	
1	287.000	-78.200	0.000	0.000	
1	288.000	-78.200	0.000	0.000	
1	289.000	-78.200	0.000	0.000	
1	290.000	-78.200	0.000	0.000	
1	291.000	-78.200	0.000	0.000	
1	292.000	-78.200	0.000	0.000	
1	293.000	-78.200	0.000	0.000	
1	294.000	-78.200	0.000	0.000	
1	295.000	-78.200	0.000	0.000	
1	296.000	-78.200	0.000	0.000	
1	297.000	-78.200	0.000	0.000	
1	298.000	-78.200	0.000	0.000	
1	299.000	-78.200	0.000	0.000	
1	300.000	-78.200	0.000	0.000	
1	301.000	-78.200	0.000	0.000	
1	302.000	-78.200	0.000	0.000	
1	303.000	-78.200	0.000	0.000	
1	304.000	-78.200	0.000	0.000	
1	305.000	-78.200	0.000	0.000	
1	306.000	-78.200	0.000	0.000	
1	307.000	-78.200	0.000	0.000	
1	308.000	-78.200	0.000	0.000	
1	309.000	-78.200	0.000	0.000	
1	310.000	-78.200	0.000	0.000	
1	311.000	-78.200	0.000	0.000	
1	312.000	-78.200	0.000	0.000	
1	313.000	-78.200	0.000	0.000	
1	314.000	-78.200	0.000	0.000	
1	315.000	-78.200	0.000	0.000	
1	316.000	-78.200	0.000	0.000	
1	317.000	-78.200	0.000	0.000	
1	318.000	-78.200	0.000	0.000	
1	319.000	-78.200	0.000	0.000	
1	320.000	-78.200	0.000	0.000	
1	321.000	-78.200	0.000	0.000	
1	322.000	-78.200	0.000	0.000	
1	323.000	-78.200	0.000	0.000	
1	324.000	-78.200	0.000	0.000	
1	325.000	-78.200	0.000	0.000	
1	326.000	-78.200	0.000	0.000	
1	327.000	-78.200	0.000	0.000	
1	328.000	-78.200	0.000	0.000	
1	329.000	-78.200	0.000	0.000	
1	330.000	-78.200	0.000	0.000	
1	331.000	-78.200	0.000	0.000	
1	332.000	-78.200	0.000	0.000	
1	333.000	-78.200	0.000	0.000	
1	334.000	-78.200	0.000	0.000	
1	335.000	-78.200	0.000	0.000	
1	336.000	-78.200	0.000	0.000	
1	337.000	-78.200	0.000	0.000	
1	338.000	-78.200	0.000	0.000	
1	339.000	-78.200	0.000	0.000	
1	340.000	-78.200	0.000	0.000	
1	341.000	-78.200	0.000	0.000	
1	342.000	-78.200	0.000	0.000	
1	343.000	-78.200	0.000	0.000	
1	344.000	-78.200	0.000	0.000	
1	345.000	-78.200	0.000	0.000	
1	346.000	-78.200	0.000	0.000	
1	347.000	-78.200	0.000	0.000	
1	348.000	-78.200	0.000	0.000	
1	349.000	-78.200	0.000	0.000	
1	350.000	-78.200	0.000	0.000	
1	351.000	-78.200	0.000	0.000	
1	352.000	-78.200	0.000	0.000	
1	353.000	-78.200	0.000	0.000	
1	354.000	-78.200	0.000	0.000	
1	355.000	-78.200	0.000	0.000	
1	356.000	-78.200	0.000	0.000	
1	357.000	-78.200	0.000	0.000	
1	358.000	-78.200	0.000	0.000	
1	359.000	-78.200	0.000	0.000	
1	360.000	-78.200	0.000	0.000	
1	361.000	-78.200	0.000	0.000	
1	362.000	-78.200	0.000	0.000	
1	363.000	-78.200	0.000	0.000	
1	364.000	-78.200	0.000	0.000	
1	365.000	-78.200	0.000	0.000	
1	366.000	-78.200	0.000	0.000	
1	367.000	-78.200	0.000	0.000	
1	368.000	-78.200	0.000	0.000	
1	369.000	-78.200	0.000	0.000	
1	370.000	-78.200	0.000	0.000	
1	371.000	-78.200	0.000	0.000	
1	372.000	-78.200	0.000	0.000	
1	373.000	-78.200	0.000	0.000	
1	374.000	-78.200	0.000	0.000	
1	375.000	-78.200	0.000	0.000	
1	376.000	-78.200	0.000	0.000	
1	377.000	-78.200	0.000	0.000	
1	378.000	-78.200	0.000	0.000	
1	379.000	-78.200	0.000	0.000	
1	380.000	-78.200	0.000	0.000	
1	381.000	-78.200	0.000	0.000	
1	382.000	-78.200	0.000	0.000	
1	383.000	-78.200	0.000	0.000	
1	384.000	-78.200	0.000	0.000	
1	385.000	-78.200	0.000	0.000	
1	386.000	-78.200	0.000	0.000	
1	387.000	-78.200	0.000	0.000	
1	388.000	-78.200	0.000	0.000	
1	389.000	-78.200	0.000	0.000	
1	390.000	-78.200	0.000	0.000	
1	391.000	-78.200	0.000	0.000	
1	392.000	-78.200	0.000	0.000	
1	393.000	-78.200	0.000	0.000	
1	394.000	-78.200	0.000	0.000	
1	395.000	-78.200	0.000	0.000	
1	396.000	-78.200	0.000	0.000	
1	397.000	-78.200	0.000	0.000	
1	398.000	-78.200	0.000	0.000	
1	399.000	-78.200	0.000	0.000	
1	400.000	-78.200	0.000	0.000	
1	401.000	-78.200	0.000	0.000	
1	402.000	-78.200	0.000	0.000	
1	403.000	-78.200	0.000	0.000	
1	404.000	-78.200	0.000	0.000	
1	405.000	-78.200	0.000	0.000	
1	406.000	-78.200	0.000	0.000	
1	407.000	-78.200	0.000	0.000	
1	408.000	-78.200	0.000	0.000	
1	409.000	-78.200	0.000	0.000	
1	410.000	-78.200	0.000	0.000	
1	411.000	-78.200	0.000	0.000	
1	412.000	-78.200	0.000	0.000	
1	413.000	-78.200	0.000	0.000	
1	414.000	-78.200	0.000	0.000	
1	415.000	-78.200	0.000	0.000	
1	416.000	-78.200	0.000	0.000	
1	417.000	-78.200	0.000	0.000	
1	418.000	-78.200	0.000	0.000	
1	419.000	-78.200	0.000	0.000	
1	420.000	-78.200	0.000	0.000	
1	421.000	-78.200	0.000	0.000	
1	422.000	-78.200	0.000	0.000	
1	423.000	-78.200	0.000	0.000	
1	424.000	-78.200	0.000	0.000	
1	425.000	-78.200	0.000	0.000	
1	426.000	-78.200	0.000	0.000	
1	427.000	-78.200	0.000	0.000	
1	428.000	-78.200	0.000	0.000	
1	429.000	-78.200	0.000	0.000	
1	430.000	-78.200	0.000	0.000	
1	431.000	-78.200	0.000	0.000	
1	432.000	-78.200	0.000	0.000	
1	433.000	-78.200	0.000	0.000	
1	434.000	-78.200	0.000	0.000	
1	435.000	-78.200	0.000	0.000	
1	436.000	-78.200	0.000	0.000	
1	437.000	-78.200	0.000	0.000	
1	438.000	-78.200	0.000	0.000	
1	439.000	-78.200	0.000	0.000	
1	440.000	-78.200	0.000	0.000	
1	441.000	-78.200	0.000	0.000	
1	442.000	-78.200	0.000	0.000	
1	443.000	-78.200	0.000	0.000	
1	444.000	-78.200	0.000	0.000	
1	445.000	-78.200	0.000	0.000	
1	446.000	-78.200	0.000	0.000	
1	447.000	-78.200	0.000	0.000	
1	448.000	-78.200	0.000	0.000	
1	449.000	-78.200	0.000	0.000	
1	450.000	-78.200	0.000	0.000	
1	451.000	-78.200	0.000	0.000	
1	452.000	-78.200	0.000	0.000	
1	453.000	-78.200	0.000	0.000	
1	454.000	-78.200	0.000	0.000	
1	455.000	-78.200	0.000	0.000	
1	456.000	-78.200	0.000	0.000	
1	457.000	-78.200	0.000	0.000	
1	458.000	-78.200	0.000	0.000	
1	459.000	-78.200	0.000	0.000	
1	460.000	-78.200	0.000	0.000	
1	461.000	-78.200	0.000	0.000	
1	462.000	-78.200	0.000	0.000	
1	463.000	-78.200	0.000	0.000	
1	464.000	-78.200	0.000	0.000	
1	465.000	-78.200	0.000	0.000	
1	466.000	-78.200	0.000	0.000	
1	467.000	-78.200	0.000	0.000	
1	468.000	-78.200	0.000	0.000	
1	469.000	-78.200	0.000	0.000	
1	470.000	-78.200	0.000	0.000	
1	471.000	-78.200	0.000	0.000	
1	472.000	-78.200	0.000	0.000	
1	473.000	-78.200	0.000	0.000	
1	474.000	-78.200	0.000	0.000	
1	475.000	-78.200	0.000	0.000	
1	476.000	-78.200	0.000	0.000	
1	477.000	-78.200	0.000	0.000	
1	478.000	-78.200	0.000	0.000	
1	479.000	-78.200	0.000	0.000	
1	480.000	-78.200	0.000	0.000	
1	481.000	-78.200	0.000	0.000	
1	482.000	-78.200	0.000	0.000	
1	483.000	-78.200	0.000	0.000	
1	484.000	-78.200	0.000	0.000	
1	485.000	-78.200	0.000	0.000	
1	486.000	-78.200	0.000	0.000	
1	487.000	-78.200	0.000	0.000	
1	488.000	-78.200	0.000	0.000	
1	489.000	-78.200	0.000	0.000	
1	490.000	-78.200	0.000	0.000	
1	491.000	-78.200	0.000	0.000	
1	492.000	-78.200	0.000	0.000	
1	493.000	-78.200	0.000	0.000	
1	494.000	-78.200	0.000	0.000	
1	495.000	-78.200	0.000	0.000	
1	496.000	-78.200	0.000	0.000	
1	497.000	-78.200	0.000	0.000	
1	498.000	-78.200	0.000	0.000	
1	499.000	-78.200	0.000	0.000	
1	500.000	-78.200	0.000	0.000	
1	501.000	-78.200	0.000	0.000	
1	502.000	-78.199	0.000	0.189	
1	503.000	-78.191	0.000	0.638	
1	504.000	-78.175	0.000	0.880	
1	505.000	-78.158	0.000	0.983	
1	506.000	-78.140	0.000	0.997	
1	507.000	-78.124	0.000	0.957	
1	508.000	-78.111	0.000	0.886	
1	509.000	-78.099	0.000	0.800	
1	510.000	-78.090	0.000	0.708	
1	511.000	-78.084	0.000	0.618	
1	512.000	-78.080	0.000	0.533	
1	513.000	-78.077	0.000	0.455	
1	514.000	-78.076	0.000	0.386	
1	515.000	-78.077	0.000	0.325	
1	516.000	-78.078	0.000	0.272	
1	517.000	-78.081	0.000	0.227	
1	518.000	-78.084	0.000	0.188	
1	519.000	-78.088	0.000	0.156	
1	520.000	-78.092	0.000	0.128	
1	521.000	-78.096	0.000	0.105	
1	522.000	-78.100	0.000	0.086	
1	523.000	-78.105	0.000	0.070	
1	524.000	-78.109	0.000	0.057	
1	525.000	-78.114	0.000	0.047	
1	526.000	-78.118	0.000	0.038	
1	527.000	-78.122	0.000	0.031	
1	528.000	-78.127	0.000	0.025	
1	529.000	-78.131	0.000	0.020	
1	530.000	-78.134	0.000	0.016	
1	531.000	-78.138	0.000	0.013	
1	532.000	-78.142	0.000	0.011	
1	533.000	-78.145	0.000	0.009	
1	534.000	-78.148	0.000	0.007	
1	535.000	-78.151	0.000	0.005	
1	536.000	-78.154	0.000	0.004	
1	537.000	-78.157	0.000	0.004	
1	538.000	-78.159	0.000	0.003	
1	539.000	-78.162	0.000	0.002	
1	540.000	-78.164	0.000	0.002	
1	541.000	-78.166	0.000	0.001	
1	542.000	-78.168	0.000	0.001	
1	543.000	-78.170	0.000	0.001	
1	544.000	-78.172	0.000	0.001	
1	545.000	-78.174	0.000	0.001	
1	546.000	-78.175	0.000	0.000	
1	547.000	-78.177	0.000	0.000	
1	548.000	-78.178	0.000	0.000	
1	549.000	-78.179	0.000	0.000	
1	550.000	-78.181	0.000	0.000	
1	551.000	-78.182	0.000	0.000	
1	552.000	-78.183	0.000	0.000	
1	553.000	-78.184	0.000	0.000	
1	554.000	-78.185	0.000	0.000	
1	555.000	-78.186	0.000	0.000	
1	556.000	-78.187	0.000	0.000	
1	557.000	-78.187	0.000	0.000	
1	558.000	-78.188	0.000	0.000	
1	559.000	-78.189	0.000	0.000	
1	560.000	-78.190	0.000	0.000	
1	561.000	-78.190	0.000	0.000	
1	562.000	-78.191	0.000	0.000	
1	563.000	-78.191	0.000	0.000	
1	564.000	-78.192	0.000	0.000	
1	565.000	-78.192	0.000	0.000	
1	566.000	-78.193	0.000	0.000	
1	567.000	-78.193	0.000	0.000	
1	568.000	-78.194	0.000	0.000	
1	569.000	-78.194	0.000	0.000	
1	570.000	-78.194	0.000	0.000	
1	571.000	-78.195	0.000	0.000	
1	572.000	-78.195	0.000	0.000	
1	573.000	-78.195	0.000	0.000	
1	574.000	-78.196	0.000	0.000	
1	575.000	-78.196	0.000	0.000	
1	576.000	-78.196	0.000	0.000	
1	577.000	-78.196	0.000	0.000	
1	578.000	-78.197	0.000	0.000	
1	579.000	-78.197	0.000	0.000	
1	580.000	-78.197	0.000	0.000	
1	581.000	-78.197	0.000	0.000	
1	582.000	-78.197	0.000	0.000	
1	583.000	-78.198	0.000	0.000	
1	584.000	-78.198	0.000	0.000	
1	585.000	-78.198	0.000	0.000	
1	586.000	-78.198	0.000	0.000	
1	587.000	-78.198	0.000	0.000	
1	588.000	-78.198	0.000	0.000	
1	589.000	-78.198	0.000	0.000	
1	590.000	-78.198	0.000	0.000	
1	591.000	-78.199	0.000	0.000	
1	592.000	-78.199	0.000	0.000	
1	593.000	-78.199	0.000	0.000	
1	594.000	-78.199	0.000	0.000	
1	595.000	-78.199	0.000	0.000	
1	596.000	-78.199	0.000	0.000	
1	597.000	-78.199	0.000	0.000	
1	598.000	-78.199	0.000	0.000	
1	599.000	-78.199	0.000	0.000	
1	600.000	-78.199	0.000	0.000	
1	601.000	-78.199	0.000	0.000	
1	602.000	-78.199	0.000	0.000	
1	603.000	-78.199	0.000	0.000	
1	604.000	-78.199	0.000	0.000	
1	605.000	-78.199	0.000	0.000	
1	606.000	-78.199	0.000	0.000	
1	607.000	-78.199	0.000	0.000	
1	608.000	-78.199	0.000	0.000	
1	609.000	-78.200	0.000	0.000	
1	610.000	-78.200	0.000	0.000	
1	611.000	-78.200	0.000	0.000	
1	612.000	-78.200	0.000	0.000	
1	613.000	-78.200	0.000	0.000	
1	614.000	-78.200	0.000	0.000	
1	615.000	-78.200	0.000	0.000	
1	616.000	-78.200	0.000	0.000	
1	617.000	-78.200	0.000	0.000	
1	618.000	-78.200	0.000	0.000	
1	619.000	-78.200	0.000	0.000	
1	620.000	-78.200	0.000	0.000	
1	621.000	-78.200	0.000	0.000	
1	622.000	-78.200	0.000	0.000	
1	623.000	-78.200	0.000	0.000	
1	624.000	-78.200	0.000	0.000	
1	625.000	-78.200	0.000	0.000	
1	626.000	-78.200	0.000	0.000	
1	627.000	-78.200	0.000	0.000	
1	628.000	-78.200	0.000	0.000	
1	629.000	-78.200	0.000	0.000	
1	630.000	-78.200	0.000	0.000	
1	631.000	-78.200	0.000	0.000	
1	632.000	-78.200	0.000	0.000	
1	633.000	-78.200	0.000	0.000	
1	634.000	-78.200	0.000	0.000	
1	635.000	-78.200	0.000	0.000	
1	636.000	-78.200	0.000	0.000	
1	637.000	-78.200	0.000	0.000	
1	638.000	-78.200	0.000	0.000	
1	639.000	-78.200	0.000	0.000	
1	640.000	-78.200	0.000	0.000	
1	641.000	-78.200	0.000	0.000	
1	642.000	-78.200	0.000	0.000	
1	643.000	-78.200	0.000	0.000	
1	644.000	-78.200	0.000	0.000	
1	645.000	-78.200	0.000	0.000	
1	646.000	-78.200	0.000	0.000	
1	647.000	-78.200	0.000	0.000	
1	648.000	-78.200	0.000	0.000	
1	649.000	-78.200	0.000	0.000	
1	650.000	-78.200	0.000	0.000	
1	651.000	-78.200	0.000	0.000	
1	652.000	-78.200	0.000	0.000	
1	653.000	-78.200	0.000	0.000	
1	654.000	-78.200	0.000	0.000	
1	655.000	-78.200	0.000	0.000	
1	656.000	-78.200	0.000	0.000	
1	657.000	-78.200	0.000	0.000	
1	658.000	-78.200	0.000	0.000	
1	659.000	-78.200	0.000	0.000	
1	660.000	-78.200	0.000	0.000	
1	661.000	-78.200	0.000	0.000	
1	662.000	-78.200	0.000	0.000	
1	663.000	-78.200	0.000	0.000	
1	664.000	-78.200	0.000	0.000	
1	665.000	-78.200	0.000	0.000	
1	666.000	-78.200	0.000	0.000	
1	667.000	-78.200	0.000	0.000	
1	668.000	-78.200	0.000	0.000	
1	669.000	-78.200	0.000	0.000	
1	670.000	-78.200	0.000	0.000	
1	671.000	-78.200	0.000	0.000	
1	672.000	-78.200	0.000	0.000	
1	673.000	-78.200	0.000	0.000	
1	674.000	-78.200	0.000	0.000	
1	675.000	-78.200	0.000	0.000	
1	676.000	-78.200	0.000	0.000	
1	677.000	-78.200	0.000	0.000	
1	678.000	-78.200	0.000	0.000	
1	679.000	-78.200	0.000	0.000	
1	680.000	-78.200	0.000	0.000	
1	681.000	-78.200	0.000	0.000	
1	682.000	-78.200	0.000	0.000	
1	683.000	-78.200	0.000	0.000	
1	684.000	-78.200	0.000	0.000	
1	685.000	-78.200	0.000	0.000	
1	686.000	-78.200	0.000	0.000	
1	687.000	-78.200	0.000	0.000	
1	688.000	-78.200	0.000	0.000	
1	689.000	-78.200	0.000	0.000	
1	690.000	-78.200	0.000	0.000	
1	691.000	-78.200	0.000	0.000	
1	692.000	-78.200	0.000	0.000	
1	693.000	-78.200	0.000	0.000	
1	694.000	-78.200	0.000	0.000	
1	695.000	-78.200	0.000	0.000	
1	696.000	-78.200	0.000	0.000	
1	697.000	-78.200	0.000	0.000	
1	698.000	-78.200	0.000	0.000	
1	699.000	-78.200	0.000	0.000	
1	700.000	-78.200	0.000	0.000	
1	701.000	-78.200	0.000	0.000	
1	702.000	-78.200	0.000	0.000	
1	703.000	-78.200	0.000	0.000	
1	704.000	-78.200	0.000	0.000	
1	705.000	-78.200	0.000	0.000	
1	706.000	-78.200	0.000	0.000	
1	707.000	-78.200	0.000	0.000	
1	708.000	-78.200	0.000	0.000	
1	709.000	-78.200	0.000	0.000	
1	710.000	-78.200	0.000	0.000	
1	711.000	-78.200	0.000	0.000	
1	712.000	-78.200	0.000	0.000	
1	713.000	-78.200	0.000	0.000	
1	714.000	-78.200	0.000	0.000	
1	715.000	-78.200	0.000	0.000	
1	716.000	-78.200	0.000	0.000	
1	717.000	-78.200	0.000	0.000	
1	718.000	-78.200	0.000	0.000	
1	719.000	-78.200	0.000	0.000	
1	720.000	-78.200	0.000	0.000	
1	721.000	-78.200	0.000	0.000	
1	722.000	-78.200	0.000	0.000	
1	723.000	-78.200	0.000	0.000	
1	724.000	-78.200	0.000	0.000	
1	725.000	-78.200	0.000	0.000	
1	726.000	-78.200	0.000	0.000	
1	727.000	-78.200	0.000	0.000	
1	728.000	-78.200	0.000	0.000	
1	729.000	-78.200	0.000	0.000	
1	730.000	-78.200	0.000	0.000	
1	731.000	-78.200	0.000	0.000	
1	732.000	-78.200	0.000	0.000	
1	733.000	-78.200	0.000	0.000	
1	734.000	-78.200	0.000	0.000	
1	735.000	-78.200	0.000	0.000	
1	736.000	-78.200	0.000	0.000	
1	737.000	-78.200	0.000	0.000	
1	738.000	-78.200	0.000	0.000	
1	739.000	-78.200	0.000	0.000	
1	740.000	-78.200	0.000	0.000	
1	741.000	-78.200	0.000	0.000	
1	742.000	-78.200	0.000	0.000	
1	743.000	-78.200	0.000	0.000	
1	744.000	-78.200	0.000	0.000	
1	745.000	-78.200	0.000	0.000	
1	746.000	-78.200	0.000	0.000	
1	747.000	-78.200	0.000	0.000	
1	748.000	-78.200	0.000	0.000	
1	749.000	-78.200	0.000	0.000	
1	750.000	-78.200	0.000	0.000	
1	751.000	-78.200	0.000	0.000	
1	752.000	-78.200	0.000	0.000	
1	753.000	-78.200	0.000	0.000	
1	754.000	-78.200	0.000	0.000	
1	755.000	-78.200	0.000	0.000	
1	756.000	-78.200	0.000	0.000	
1	757.000	-78.200	0.000	0.000	
1	758.000	-78.200	0.000	0.000	
1	759.000	-78.200	0.000	0.000	
1	760.000	-78.200	0.000	0.000	
1	761.000	-78.200	0.000	0.000	
1	762.000	-78.200	0.000	0.000	
1	763.000	-78.200	0.000	0.000	
1	764.000	-78.200	0.000	0.000	
1	765.000	-78.200	0.000	0.000	
1	766.000	-78.200	0.000	0.000	
1	767.000	-78.200	0.000	0.000	
1	768.000	-78.200	0.000	0.000	
1	769.000	-78.200	0.000	0.000	
1	770.000	-78.200	0.000	0.000	
1	771.000	-78.200	0.000	0.000	
1	772.000	-78.200	0.000	0.000	
1	773.000	-78.200	0.000	0.000	
1	774.000	-78.200	0.000	0.000	
1	775.000	-78.200	0.000	0.000	
1	776.000	-78.200	0.000	0.000	
1	777.000	-78.200	0.000	0.000	
1	778.000	-78.200	0.000	0.000	
1	779.000	-78.200	0.000	0.000	
1	780.000	-78.200	0.000	0.000	
1	781.000	-78.200	0.000	0.000	
1	782.000	-78.200	0.000	0.000	
1	783.000	-78.200	0.000	0.000	
1	784.000	-78.200	0.000	0.000	
1	785.000	-78.200	0.000	0.000	
1	786.000	-78.200	0.000	0.000	
1	787.000	-78.200	0.000	0.000	
1	788.000	-78.200	0.000	0.000	
1	789.000	-78.200	0.000	0.000	
1	790.000	-78.200	0.000	0.000	
1	791.000	-78.200	0.000	0.000	
1	792.000	-78.200	0.000	0.000	
1	793.000	-78.200	0.000	0.000	
1	794.000	-78.200	0.000	0.000	
1	795.000	-78.200	0.000	0.000	
1	796.000	-78.200	0.000	0.000	
1	797.000	-78.200	0.000	0.000	
1	798.000	-78.200	0.000	0.000	
1	799.000	-78.200	0.000	0.000	
1	800.000	-78.200	0.000	0.000	
1	801.000	-78.200	0.000	0.000	
1	802.000	-78.170	0.491	0.000	
1	803.000	-77.801	1.291	0.000	
1	804.000	-77.308	1.386	0.000	
1	805.000	-76.874	1.206	0.000	
1	806.000	-76.553	0.953	0.000	
1	807.000	-76.345	0.713	0.000	
1	808.000	-76.233	0.514	0.000	
1	809.000	-76.192	0.361	0.000	
1	810.000	-76.203	0.249	0.000	
1	811.000	-76.247	0.169	0.000	
1	812.000	-76.314	0.114	0.000	
1	813.000	-76.394	0.076	0.000	
1	814.000	-76.480	0.050	0.000	
1	815.000	-76.570	0.033	0.000	
1	816.000	-76.658	0.021	0.000	
1	817.000	-76.745	0.014	0.000	
1	818.000	-76.829	0.009	0.000	
1	819.000	-76.910	0.006	0.000	
1	820.000	-76.986	0.004	0.000	
1	821.000	-77.059	0.002	0.000	
1	822.000	-77.127	0.002	0.000	
1	823.000	-77.192	0.001	0.000	
1	824.000	-77.252	0.001	0.000	
1	825.000	-77.310	0.000	0.000	
1	826.000	-77.363	0.000	0.000	
1	827.000	-77.414	0.000	0.000	
1	828.000	-77.462	0.000	0.000	
1	829.000	-77.506	0.000	0.000	
1	830.000	-77.548	0.000	0.000	
1	831.000	-77.588	0.000	0.000	
1	832.000	-77.625	0.000	0.000	
1	833.000	-77.660	0.000	0.000	
1	834.000	-77.692	0.000	0.000	
1	835.000	-77.723	0.000	0.000	
1	836.000	-77.752	0.000	0.000	
1	837.000	-77.779	0.000	0.000	
1	838.000	-77.805	0.000	0.000	
1	839.000	-77.829	0.000	0.000	
1	840.000	-77.851	0.000	0.000	
1	841.000	-77.872	0.000	0.000	
1	842.000	-77.892	0.000	0.000	
1	843.000	-77.911	0.000	0.000	
1	844.000	-77.928	0.000	0.000	
1	845.000	-77.945	0.000	0.000	
1	846.000	-77.960	0.000	0.000	
1	847.000	-77.975	0.000	0.000	
1	848.000	-77.988	0.000	0.000	
1	849.000	-78.001	0.000	0.000	
1	850.000	-78.013	0.000	0.000	
1	851.000	-78.025	0.000	0.000	
1	852.000	-78.035	0.000	0.000	
1	853.000	-78.045	0.000	0.000	
1	854.000	-78.055	0.000	0.000	
1	855.000	-78.063	0.000	0.000	
1	856.000	-78.072	0.000	0.000	
1	857.000	-78.079	0.000	0.000	
1	858.000	-78.087	0.000	0.000	
1	859.000	-78.094	0.000	0.000	
1	860.000	-78.100	0.000	0.000	
1	861.000	-78.106	0.000	0.000	
1	862.000	-78.112	0.000	0.000	
1	863.000	-78.117	0.000	0.000	
1	864.000	-78.122	0.000	0.000	
1	865.000	-78.127	0.000	0.000	
1	866.000	-78.131	0.000	0.000	
1	867.000	-78.135	0.000	0.000	
1	868.000	-78.139	0.000	0.000	
1	869.000	-78.143	0.000	0.000	
1	870.000	-78.147	0.000	0.000	
1	871.000	-78.150	0.000	0.000	
1	872.000	-78.153	0.000	0.000	
1	873.000	-78.156	0.000	0.000	
1	874.000	-78.158	0.000	0.000	
1	875.000	-78.161	0.000	0.000	
1	876.000	-78.163	0.000	0.000	
1	877.000	-78.165	0.000	0.000	
1	878.000	-78.168	0.000	0.000	
1	879.000	-78.170	0.000	0.000	
1	880.000	-78.171	0.000	0.000	
1	881.000	-78.173	0.000	0.000	
1	882.000	-78.175	0.000	0.000	
1	883.000	-78.176	0.000	0.000	
1	884.000	-78.178	0.000	0.000	
1	885.000	-78.179	0.000	0.000	
1	886.000	-78.180	0.000	0.000	
1	887.000	-78.182	0.000	0.000	
1	888.000	-78.183	0.000	0.000	
1	889.000	-78.184	0.000	0.000	
1	890.000	-78.185	0.000	0.000	
1	891.000	-78.186	0.000	0.000	
1	892.000	-78.186	0.000	0.000	
1	893.000	-78.187	0.000	0.000	
1	894.000	-78.188	0.000	0.000	
1	895.000	-78.189	0.000	0.000	
1	896.000	-78.189	0.000	0.000	
1	897.000	-78.190	0.000	0.000	
1	898.000	-78.191	0.000	0.000	
1	899.000	-78.191	0.000	0.000	
1	900.000	-78.192	0.000	0.000	
1	901.000	-78.192	0.000	0.000	
1	902.000	-78.193	0.000	0.000	
1	903.000	-78.193	0.000	0.000	
1	904.000	-78.194	0.000	0.000	
1	905.000	-78.194	0.000	0.000	
1	906.000	-78.194	0.000	0.000	
1	907.000	-78.195	0.000	0.000	
1	908.000	-78.195	0.000	0.000	
1	909.000	-78.195	0.000	0.000	
1	910.000	-78.196	0.000	0.000	
1	911.000	-78.196	0.000	0.000	
1	912.000	-78.196	0.000	0.000	
1	913.000	-78.196	0.000	0.000	
1	914.000	-78.197	0.000	0.000	
1	915.000	-78.197	0.000	0.000	
1	916.000	-78.197	0.000	0.000	
1	917.000	-78.197	0.000	0.000	
1	918.000	-78.197	0.000	0.000	
1	919.000	-78.197	0.000	0.000	
1	920.000	-78.198	0.000	0.000	
1	921.000	-78.198	0.000	0.000	
1	922.000	-78.198	0.000	0.000	
1	923.000	-78.198	0.000	0.000	
1	924.000	-78.198	0.000	0.000	
1	925.000	-78.198	0.000	0.000	
1	926.000	-78.198	0.000	0.000	
1	927.000	-78.198	0.000	0.000	
1	928.000	-78.199	0.000	0.000	
1	929.000	-78.199	0.000	0.000	
1	930.000	-78.199	0.000	0.000	
1	931.000	-78.199	0.000	0.000	
1	932.000	-78.199	0.000	0.000	
1	933.000	-78.199	0.000	0.000	
1	934.000	-78.199	0.000	0.000	
1	935.000	-78.199	0.000	0.000	
1	936.000	-78.199	0.000	0.000	
1	937.000	-78.199	0.000	0.000	
1	938.000	-78.199	0.000	0.000	
1	939.000	-78.199	0.000	0.000	
1	940.000	-78.199	0.000	0.000	
1	941.000	-78.199	0.000	0.000	
1	942.000	-78.199	0.000	0.000	
1	943.000	-78.199	0.000	0.000	
1	944.000	-78.199	0.000	0.000	
1	945.000	-78.200	0.000	0.000	
1	946.000	-78.200	0.000	0.000	
1	947.000	-78.200	0.000	0.000	
1	948.000	-78.200	0.000	0.000	
1	949.000	-78.200	0.000	0.000	
1	950.000	-78.200	0.000	0.000	
1	951.000	-78.200	0.000	0.000	
1	952.000	-78.200	0.000	0.000	
1	953.000	-78.200	0.000	0.000	
1	954.000	-78.200	0.000	0.000	
1	955.000	-78.200	0.000	0.000	
1	956.000	-78.200	0.000	0.000	
1	957.000	-78.200	0.000	0.000	
1	958.000	-78.200	0.000	0.000	
1	959.000	-78.200	0.000	0.000	
1	960.000	-78.200	0.000	0.000	
1	961.000	-78.200	0.000	0.000	
1	962.000	-78.200	0.000	0.000	
1	963.000	-78.200	0.000	0.000	
1	964.000	-78.200	0.000	0.000	
1	965.000	-78.200	0.000	0.000	
1	966.000	-78.200	0.000	0.000	
1	967.000	-78.200	0.000	0.000	
1	968.000	-78.200	0.000	0.000	
1	969.000	-78.200	0.000	0.000	
1	970.000	-78.200	0.000	0.000	
1	971.000	-78.200	0.000	0.000	
1	972.000	-78.200	0.000	0.000	
1	973.000	-78.200	0.000	0.000	
1	974.000	-78.200	0.000	0.000	
1	975.000	-78.200	0.000	0.000	
1	976.000	-78.200	0.000	0.000	
1	977.000	-78.200	0.000	0.000	
1	978.000	-78.200	0.000	0.000	
1	979.000	-78.200	0.000	0.000	
1	980.000	-78.200	0.000	0.000	
1	981.000	-78.200	0.000	0.000	
1	982.000	-78.200	0.000	0.000	
1	983.000	-78.200	0.000	0.000	
1	984.000	-78.200	0.000	0.000	
1	985.000	-78.200	0.000	0.000	
1	986.000	-78.200	0.000	0.000	
1	987.000	-78.200	0.000	0.000	
1	988.000	-78.200	0.000	0.000	
1	989.000	-78.200	0.000	0.000	
1	990.000	-78.200	0.000	0.000	
1	991.000	-78.200	0.000	0.000	
1	992.000	-78.200	0.000	0.000	
1	993.000	-78.200	0.000	0.000	
1	994.000	-78.200	0.000	0.000	
1	995.000	-78.200	0.000	0.000	
1	996.000	-78.200	0.000	0.000	
1	997.000	-78.200	0.000	0.000	
1	998.000	-78.200	0.000	0.000	
1	999.000	-78.200	0.000	0.000	
